0004 1650574
0005 1753563
0006 1750285
0007 1650544
0008 1650556
0009 1650554
0010 1756102
0011 1650525
0012 1650513
0013 1750351
0014 1750958
0015 1650545
0016 1750343
0017 1650516
0018 1650504
0019 1753775
0020 1650655
0021 1750408
0022 1650642
0023 1750383
0024 1650488
0025 1750296
0027 1750262
0028 1751996
0029 1751299
0030 1753690
0031 1753618
0032 1550541
0033 1751844
0034 1750203
0035 1750277
0036 1750270
0037 1751344
0038 1751461
0039 1751308
0040 1750178
0041 1650550
0042 1650715
0043 1752435
0044 1751632
0045 1650535
0046 1453464
0047 1751369
0048 1650507
0049 1650566
0050 1754247
0051 1650244
0053 1752361
0054 1553885
0055 1750282
0056 1750536
0057 1650514
0058 1751634
0059 1752433
0060 1750410
0061 1650506
0062 1650496
0063 1753122
0064 1750534
0065 1653396
0066 1750322
0067 1750957
0069 1650643
0070 1650552
0071 1753174
0072 1750771
0073 1751462
0074 1653969
0075 1750302
0076 1751627
0077 1550477
0078 1750311
0079 1650512
0080 1750246
0081 1750035
0082 1752162
0083 1752430
0084 1750082
0085 1550525
0086 1750301
0087 1750295
0088 1650490
0089 1650654
0090 1750333
0091 1750965
0092 1651590
0093 1750346
0095 1750007
0096 1650634
0097 1650630
0098 1653570
0099 1751093
0100 1653451
0101 1750086
0102 1550524
0103 1452480
0104 1750211
0105 1551754
0106 1750412
0107 1753252
0108 1453692
0109 1650498
0110 1651851
0111 1751555
0112 1753169
0113 1650648
0114 1550551
0115 1550203
0116 1650547
0117 1659549
0118 1751338
0119 1753768
0120 1750247
0121 1650531
0122 1553345
0123 1650503
0124 1753801
0125 1750407
0126 1650553
0127 1751300
0128 1650537
0129 1752235
